435985

3410924
1749961
409991
1315970
438990
1293971
436991
429990
440990
431991
475989
393991
439990
1264972
462990
423990
439990
429991
438990
1271971
449990
1289971
436991
423990
438990
1286972
438990
431990
439990
423991
410991
1319970
438990
1289971
437991
425990
436990
1288971
438991
1285971
410991
432990
461990
428990
438990
1290971
438991
426990
432990
439991
409990
1290971
435991
460989
435991
428990
410991
459990
407990
462990
437990
427991
438990
435990
409991
459990
437990
430990
437990
424991
410991
462989
436991
428990
439990
427991
438990
426990
438990
429991
409991
462989
436991
426990
439990
430991
462989
405991
445990
427991
411990
460990
458990
1267971
438991
429990
438990
425991
438990
428990
439990
428991
409991
461989
436990
1286972
437990
1265972
462989
427991
459989
403991
445990
428991
410991
460989
436990
431991
437990
430990
439991
432990
438990
429990
439991
426990
437990
431991
431990
439990
410991
460990
436990
1288971
436990
1292971
436991
426990
410991
462989
409991
458990
437990
430991
439990
1288971
409991
1318970
409991
460990
489989
371991
455990
456990
383991
1317971
430990
438991
410990
1317971
436990
429990
436991
1289971
437990
567987
311993
414991
410991
1321970
435991
1285971
437990
1287971
435990
1290972
435990
423990
462990
405991
439990
427990
437991
427990
410991
458990
407991
465989
434990
431991
435990
433990
410991
459990
437990
430990
437991
425990
437990
428991
438990
424990
432991
410990
467990
426990
489989
368992
457990
425990
438991
429990
437990
429991
410990
460990
436990
428991
410991
463989
436990
430991
437990
426990
437991
427990
438990
433991
437990
453990
410990
430991
436990
448990
416991
426990
438990
431991
438990
425990
410991
459990
437990
430990
439990
422991
440990
427991
490989
369991
428991
460989
431991
438990
438990
428990
438991
424990
439990
428991
438990
428990
411991
460990
434990
431990
411991
460990
438990
429990
409991
460990
460990
407991
444990
1290971
435990
453990
411991
1286971
436990
1292971
435990
1292971
437991
424990
439990
431991
431990
1300971
436990
17070618
3601920
1702962
437990
1286971
437990
1287971
410991
465990
406991
459989
436991
433990
437990
1292971
436991
426990
409991
461989
436991
1287971
409991
1316970
438990
428991
438990
1286971
436990
488990
351992
457989
409991
1316971
408991
1321970
438990
424991
440990
1288971
438990
1285971
435991
428990
439990
430991
435985
1265972
462989
424991
411990
458990
408991
1321970
430991
441990
438990
431990
438991
424990
433990
438991
439990
452990
410990
432991
437990
425990
439991
427990
408991
461990
409990
459990
436990
430991
438990
425990
439990
425991
439990
430990
436991
422990
412991
463989
408991
432991
464989
425991
438990
427990
440990
425991
438990
1293971
434990
425991
411991
458989
409991
456990
408991
462989
437990
450990
412991
1289971
436990
1284972
410990
458990
409991
459990
409991
462989
431991
435990
438990
426990
463990
406991
415991
457989
432991
439990
438990
425990
489989
368992
457990
426990
439990
427991
438990
1330970
397991
1295971
435991
426990
410991
462989
436991
431990
437990
428991
436990
1285971
407991
1318970
438990
431991
437990
422991
439990
428990
439990
1291971
436990
425991
439990
1285971
438990
427991
438990
1285971
409991
462990
436990
425990
410991
1320971
438990
1286971
409991
1317970
437990
1287972
437990
427990
433990
437991
431990
439990
437990
456990
409991
425990
438991
427990
433990
438990
409991
435990
515989
372992
454989
428991
439990
429990
439990
432991
409991
458989
437990
427991
438990
425991
412990
460990
436990
426991
438990
426990
439990
436991
439990
428990
440990
426991
438990
424990
439990
429991
438990
428990
410991
459990
438990
429990
438991
427990
431990
438991
438990
424990
411991
459990
408991
458989
408991
458990
438990
427990
438991
427990
438990
398991
442990
459990
410991
458990
409990
461990
409991
458990
409990
459990
437990
424991
412990
456990
437990
430991
438990
425990
411991
457990
438990
426991
433990
437990
412991
461989
489989
368992
456990
1289971
436990
428991
411990
1318971
437990
1296971
438990
1263972
464990
430990
432990
439990
437991
1287971
436990