435985

3436879
1749938
409986
1316954
435985
1292954
408986
457984
407985
457984
429985
440985
409985
1294955
459984
432985
431984
438985
436985
1292954
409986
1316954
409985
462984
434985
1291954
408986
459984
409986
462983
434985
1303954
421986
1296954
433985
432985
437984
1288955
436985
1290954
435985
432985
435985
433984
410986
1320953
433985
428985
410986
458984
407985
1315954
431985
411986
439984
460984
408986
460983
418986
452984
436984
429985
410986
458984
461984
409985
440985
427985
438984
429985
437985
427985
410985
457984
430985
440985
436984
425985
469984
405986
441984
427985
410986
457984
410985
457984
409986
462984
433984
429985
435985
427985
409986
1321953
408986
461984
456983
411986
412986
458983
409986
459984
435985
435984
408986
1323953
410986
1293955
458984
429984
409986
455984
407986
457984
433984
431985
436985
431985
436984
431985
409986
459984
408985
460984
431985
436985
437984
426985
436985
428985
432985
438984
410986
1314954
409985
1316954
409986
456984
436984
431985
430985
440985
410985
462984
408986
1322953
434985
1290955
407985
458984
409986
460984
434984
425985
410986
1316954
407985
462984
409986
1318953
406986
456984
435985
1289955
407985
461984
433985
432985
435984
1290955
435985
1263955
459984
1293955
435984
1290955
436985
435985
436984
427985
438985
429985
411985
454984
408986
460984
462983
412986
494983
365987
430985
459984
435984
428985
410986
457984
434984
433985
435985
429985
409985
457984
435985
431985
430985
440984
408986
462984
467983
406986
414985
460984
405986
460984
434984
435985
409986
459984
408985
457984
435985
429985
407985
462984
408986
455984
434985
431984
435985
441985
434984
430985
436985
428985
413985
454984
435985
428985
436985
432984
410986
459984
408986
460983
409986
459984
435985
427985
411985
457984
409986
456984
410985
460984
434985
428985
409985
460984
434985
430985
410985
457984
409986
434985
435984
457984
408986
463983
433985
429985
434985
428985
462984
409985
441985
1291954
433985
429985
410986
1314953
435985
1294955
433984
1293955
408986
457984
433984
432985
432985
1328953
379987
17099400
3574874
1728940
436984
1294955
434985
1291954
435985
430985
409986
458983
409986
459984
431985
1296954
409986
460984
407985
462984
435985
1291954
433985
1293955
409985
461984
408986
1320953
436985
432985
409986
460983
464984
1273955
429985
1299955
408985
455984
433985
1300954
434985
1291955
408985
457984
410986
457984
435985
1268955
458984
427985
437984
426986
410985
1318954
409985
460984
435985
424985
410986
458983
434985
433985
435985
432984
436985
428985
410986
460983
409986
459984
435985
424985
410985
464984
433985
429985
437984
430985
410986
456984
435984
428985
410986
463984
434984
427985
411986
459984
460984
409985
415986
456984
410985
459984
431985
1296954
435985
430985
435985
429984
435985
430985
437985
430985
409985
460984
408986
1315953
434985
1292955
436984
430985
432985
437985
409985
458984
434985
427985
436985
431984
410986
458984
409986
464983
437985
430985
437984
428985
444985
422985
411985
460984
408986
460984
408985
1319954
408986
1317953
408986
458984
409986
456983
435985
435985
434985
427985
411985
1321954
434984
1290955
409986
457984
409985
461984
433985
425985
410985
1315954
408986
461984
435984
1289955
435985
427985
410985
1324954
433985
432984
408986
460984
408986
1319953
409986
1297954
458984
1294955
408985
1317954
409986
458984
435984
429985
410986
458984
409985
457984
435985
429985
436985
429984
436985
428985
408986
458984
407985
459984
435985
432985
436984
429985
437985
449984
391986
459984
435985
403986
465983
431985
435985
431985
408985
461984
408986
459984
409985
459984
435985
427985
410985
456984
435985
430985
435985
426985
438984
433985
435985
397986
466983
426985
411986
456984
436984
427985
411986
458984
409985
456984
407986
456984
435985
430985
410985
457984
430985
438985
434984
431985
458984
410986
415985
457984
430985
439984
436985
455984
440985
405985
441985
454984
383986
457984
409986
458984
407986
462983
436985
426985
438985
425985
409985
460984
409986
433984
435985
470984
884969
829970
408986
456984
409986
1319953
409986
1320954
436984
1292955
408985
463984
434985
429985
411985
1322954
431985