435985

3432881
1750939
408986
1316954
436985
1294955
434985
433985
436985
435984
435985
432985
436985
1292955
435985
428985
410986
458984
408986
1321954
409985
1321954
435985
426985
436985
1289955
408986
458984
408986
459984
407986
1318954
410986
1318954
408986
460984
434984
1291955
434985
1291955
435985
426985
409986
462984
433985
1287955
408986
463984
408986
460984
430985
1276955
458984
425985
410986
459984
409986
461984
435985
432985
435984
427986
436984
434985
409986
461984
409986
460984
433985
432985
437984
431985
435985
430985
409986
463984
434985
427985
437985
430985
437984
427985
438985
426985
410986
461984
435985
429985
436985
432985
433985
431985
409985
1320954
435985
426985
410986
462984
434985
429985
437985
443984
396986
460984
435985
1290955
435985
1287955
435985
433985
436985
431985
411986
461984
432984
428986
436984
429985
437985
427985
436985
434985
435985
427985
437985
428985
436985
430985
410985
457984
407986
461984
434985
1291955
434985
1291955
434985
430985
410986
457984
435985
432985
436984
428985
410986
1321954
434985
1291955
435985
428985
412986
460984
433985
427985
436985
1288955
408985
460984
434985
1291955
434985
434985
438985
1291955
434985
431985
491983
370987
429985
1461949
291990
1290955
409986
1317954
411986
1316954
409986
458984
435984
430985
410986
459984
407986
463984
436985
430985
435985
430985
410985
461984
407986
460984
435985
428985
437985
428985
409986
459984
407985
460984
411986
471984
434984
432985
436985
433985
436985
430985
436985
431985
411985
464984
434985
433985
435985
431985
438985
427985
425985
448984
433985
428985
435985
433985
435985
428985
437985
428985
409986
460984
436984
429985
411986
460984
409986
462984
434985
430985
409985
460984
409986
463984
408986
460984
408985
461984
436985
431985
409986
459984
436985
425985
412986
457984
407985
463984
435985
431985
433985
436985
410986
459984
435984
426986
437984
425986
437984
431985
437985
433985
408986
462984
436984
422986
413985
1320954
408986
461984
434985
1291955
435985
1287955
437985
1287955
434985
436985
410986
461984
435984
1289955
435985
17296399
3552876
1751940
410985
1317954
435985
1291955
434985
427985
436985
430985
411986
457984
434985
1292955
435985
430985
436984
432985
437985
1289955
436985
1290955
408986
459984
410986
1321954
434985
435985
437984
423986
411985
1318954
409986
1319954
435985
426985
411986
1318954
432985
1300955
406986
460984
436984
429985
408986
1319954
408986
462984
434985
431985
436985
1292955
434985
400986
466983
430985
436985
430985
436985
457984
408986
426985
410986
462984
408985
460984
435985
427985
410986
462984
434985
430985
437985
429985
411985
461984
407986
456984
410986
463984
409986
461984
434984
432985
433985
434985
409986
459984
409986
461984
432985
428985
413985
1316954
409986
460984
410986
460984
434985
430985
436985
432984
408986
461984
432985
1291955
435985
1288955
435985
446985
423985
431985
411985
459984
434985
428985
435985
431985
436985
429985
434985
434985
435985
426985
411986
461983
434985
432985
435985
430985
435985
426985
487983
1240957
408986
1320954
435985
429985
435985
432985
435984
430985
433985
432985
409986
1316954
409986
1320954
434985
433985
437985
430985
435984
431985
435985
1289955
436985
432985
411986
1318954
407986
461984
409986
1316954
409985
461984
432985
427985
438985
1288955
435985
1291955
434985
1290955
434985
1289955
408986
460984
435985
428985
437985
430985
436985
427985
410985
462984
434985
427985
412986
466984
435985
424985
438985
430985
409985
470984
436985
426985
411986
461984
436984
423986
437984
430985
411986
457984
435985
432985
437985
429985
437984
429986
436984
433985
433985
426985
410986
461984
489983
370987
509982
362988
432985
459984
435984
428986
409985
459984
434985
431985
436985
427985
411986
458984
434985
430985
410985
463984
408986
462984
464984
405986
443984
429985
437985
431985
436985
433985
411985
458984
435985
429985
435985
429985
410986
461984
433985
428985
435985
431985
436985
439984
435985
429985
437985
431985
434985
429985
436985
428985
438984
398987
442984
459984
434985
1293955
408986
460984
436985
1290955
408986
1318954
436984
1264956
433985
461984
435985
427985
436985
1289955
435985